-0.892738	-0.653420	0.422797
-0.284981	0.959025	0.216388
-0.411482	0.866771	0.121922
-1.222877	-0.071694	-0.184663
-0.568929	0.544781	0.056627
-0.683744	-0.995268	0.202596
-0.494862	0.529152	0.298829
-0.528748	0.388591	0.250975
-0.099292	1.017422	-0.211909
-0.294317	0.087989	0.449106
-0.486028	-0.079392	-0.034251
-0.439062	0.721282	0.279217
-0.507850	-0.933202	-0.069975
-0.104137	1.064317	-0.049324
-0.961502	0.015016	-0.198687
-0.312706	-0.925647	-0.068443
-0.581528	-0.294876	0.072651
-0.469255	0.572597	0.328201
-1.228037	-0.035537	-0.215527
-1.051032	0.158369	-0.318530
-0.304734	0.133312	0.451781
-0.083970	-0.864619	-0.078417
-1.185050	-0.084574	-0.175301
-0.168568	-0.843711	-0.077230
0.840358	0.451930	0.582179
-1.256769	-0.117052	-0.269781
-0.059598	0.994860	-0.269019
-1.264863	0.010857	-0.255099
0.021230	1.092068	0.199680
-0.442439	0.665634	0.321874
-1.191515	-0.225653	-0.213485
-1.066871	-0.684041	-0.366550
-1.052989	-0.226938	-0.072545
0.048274	0.011539	0.622682
-0.956720	-0.576664	-0.310815
-1.100114	-0.754111	-0.522889
-0.159618	1.046781	0.040048
-0.305417	0.662591	0.414930
-1.105738	-0.665243	-0.878697
-0.314414	0.088896	0.430303
-0.376151	0.880327	0.212760
-0.310242	0.472660	0.479388
-0.575638	0.483305	-0.014136
-0.010139	0.708476	0.597482
-0.108069	1.067197	0.043685
-0.206261	0.399871	-0.429450
-0.487261	-0.153469	0.138127
-1.196705	-0.176387	-0.176757
0.774215	-0.379122	0.567468
0.829162	-0.283933	0.558294
-0.526913	0.432931	0.253267
-0.481184	-0.138576	-0.156990
-0.957137	-0.320844	-0.002743
-0.104027	1.067655	0.089136
-0.562919	0.306657	0.041140
-0.343192	0.044661	0.372606
0.798754	0.444538	0.581547
-1.012863	-0.365876	-0.033397
-0.303307	0.329032	0.484768
-0.111876	0.941463	-0.309779
0.114645	1.111577	-0.030330
-1.303384	0.018895	-0.265988
-0.481434	-0.137151	0.150796
-0.067794	0.966139	-0.301603
0.776972	-0.288981	0.539483
-1.037332	-0.628253	-0.347868
0.775803	0.024425	0.681224
-1.099741	-0.267052	-0.087384
0.790562	0.312017	0.620254
0.782327	0.578385	0.562009
-0.546450	-0.411320	0.401428
-1.143251	-0.173131	-0.117478
-1.058028	-0.243392	-0.306869
-0.934362	-0.528820	-0.044722
-0.853927	-0.746458	0.474387
-0.536723	0.223330	0.129713
0.758939	-0.029654	0.646972
0.748440	0.128213	0.673565
0.745493	0.220455	0.632120
0.749164	0.364200	0.593014
0.762621	0.491452	0.575649
-0.857823	-0.843999	0.423735
-0.499668	-0.262811	0.155621
-0.210130	0.304894	-0.437735
-0.389817	0.852262	0.231215
-0.925545	-0.602901	-0.073628
-0.085606	0.372054	0.657132
0.723027	-0.480394	0.530182
0.742009	-0.341545	0.522951
0.750513	-0.216907	0.510243
-0.896878	-0.963612	0.197592
-0.086686	0.329119	0.653744
0.733800	0.080364	0.674230
0.739873	0.586573	0.567129
0.165015	1.046990	-0.258647
-0.477388	0.746850	0.176918
-0.161611	1.046400	0.086949
0.059121	0.764112	-0.491193
-0.207856	1.017369	0.184941
-0.524936	0.572897	0.236130
0.050498	0.035894	0.655468
0.727493	-0.252155	0.497530
0.714322	0.077102	0.655644
0.708089	0.213711	0.612871
0.712073	0.402283	0.627835
0.708450	0.510480	0.636540
-0.886871	-0.476769	0.368694
-0.848921	-0.657664	0.479469
-0.882687	-0.749916	0.428349
-1.008030	-0.228519	-0.077515
-1.334947	0.086119	-0.313863
-0.872791	-0.652246	0.451958
-0.961085	-0.607258	-0.261013
0.690294	-0.447946	0.472120
0.693184	-0.305315	0.474552
-1.078193	-0.645836	-0.403514
0.696978	0.119315	0.618381
0.685647	0.450402	0.656306
0.034719	1.089465	-0.131517
-0.848581	-0.558374	0.438915
-0.572900	0.399444	0.029317
-0.983870	-0.633039	-0.257235
0.678643	-0.409725	0.427979
-0.495172	-0.147672	0.101308
0.684799	-0.017469	0.575056
0.677535	0.115229	0.588934
0.654446	0.224986	0.645752
0.661898	0.405535	0.679792
0.649745	0.543394	0.661459
-0.358385	-0.945176	-0.037084
-0.374583	-1.025125	0.164915
-0.429492	0.339521	0.391221
-0.460912	-0.008014	0.142419
-0.324948	-0.196778	0.369979
-0.134354	0.886485	0.435167
-0.001461	-0.748484	0.460070
0.652908	-0.406137	0.383162
0.649022	-0.303530	0.460803
0.653482	-0.167686	0.466569
0.654143	0.024054	0.529112
0.648202	0.102062	0.579647
0.638137	0.452379	0.685042
0.025017	1.105951	0.103315
-0.614182	-0.725991	0.661393
0.670839	1.032150	0.375527
-0.199886	1.017729	-0.054505
-0.505910	0.661679	0.229809
-0.432104	-0.195204	0.255964
0.640781	-0.077246	0.445647
-0.376165	-0.097870	0.320679
0.610289	0.262327	0.669686
0.603313	0.407378	0.707817
0.604098	0.544715	0.673625
-0.310567	-0.473159	0.434810
-0.018140	0.934040	-0.344515
-0.574025	0.387136	-0.011274
0.641524	0.945041	0.369842
0.648088	1.033402	0.373997
-0.860636	-0.596554	0.447267
-0.102354	1.057683	-0.094813
-0.474977	0.668233	0.279669
-0.939517	-0.703000	-0.044406
0.600884	-0.303106	0.459887
0.607759	-0.171835	0.465575
-0.400935	-0.905541	-0.106854
0.603200	0.048900	0.535622
-0.494608	-0.779838	0.687248
-0.924033	-0.544829	-0.391880
-0.184143	0.982207	-0.183503
0.630480	1.093940	0.372856
-0.048489	-0.895559	-0.036324
-0.943688	-0.610952	0.289982
-0.885612	-0.610753	0.427873
-0.917597	-0.461291	0.289358
-0.475891	-0.014383	0.096791
-0.011961	-0.725056	-0.314196
0.552780	0.165670	0.657939
0.561589	0.358684	0.697617
0.559732	0.499560	0.688738
0.558040	0.589033	0.674802
-0.558566	0.593609	0.056027
-0.528226	0.521250	0.239145
0.599388	0.980149	0.358974
0.607494	1.103350	0.370809
-0.412993	-0.126538	-0.278526
-0.109133	0.976245	-0.266680
-0.929521	-0.752262	0.328895
0.550280	-0.309123	0.462027
0.561486	-0.174922	0.473036
0.560145	-0.037769	0.440284
-0.937848	-0.859414	0.189382
-0.330237	-0.045676	0.366355
-1.060552	-0.637818	-0.952929
-0.155168	0.999966	-0.186892
-0.881243	-0.530006	0.409310
0.377533	-0.817320	0.035999
-0.108443	0.326888	0.614075
-0.111294	0.420533	0.610342
-0.931603	-0.857986	0.236675
-0.560659	0.583321	0.012190
0.515948	0.312569	0.719105
0.508779	0.550880	0.695978
-0.442910	0.578729	0.355492
-0.949162	-0.599936	0.257071
0.550377	1.068074	0.353952
-0.012720	1.097344	0.004348
-0.928673	-0.552475	-0.554372
-0.874873	-0.407958	0.249043
0.509084	-0.278371	0.481113
0.517830	-0.130133	0.465348
0.521789	-0.018401	0.461341
0.501892	0.161174	0.671983
-0.394351	0.626694	0.375950
-0.407300	0.034720	0.291660
-0.435905	0.088667	0.274285
-0.542859	0.640503	0.053636
-0.097139	1.034191	-0.181511
-0.663757	-0.902975	-0.075759
-1.111344	-0.689565	-0.455975
-0.398113	0.805432	0.287128
-0.592147	-0.360896	0.308030
-0.326297	0.948358	0.080619
0.461059	0.264107	0.721550
0.468719	0.409132	0.735114
0.452577	0.546106	0.717484
-0.009265	-0.243814	-0.492784
-0.332471	-1.014394	0.214500
-0.872539	-0.548788	-0.297719
-0.104215	-0.176979	-0.473518
0.503839	1.028339	0.337215
0.512520	1.159665	0.338401
-0.299171	0.705656	0.408282
0.495311	-0.465390	0.270743
-0.423014	0.709172	0.312921
0.465430	-0.188823	0.500224
0.456628	-0.024070	0.467370
-0.393358	0.284522	0.419776
-0.761942	-0.542151	-0.247166
-0.469594	0.238423	0.313541
-1.370873	0.114551	-0.376168
-1.060120	-0.193361	-0.333495
0.466818	-0.435869	0.341665
-0.500218	0.146262	0.174361
-0.577594	-0.296035	0.031823
0.413299	0.456817	0.732731
-1.247170	-0.750637	-0.909699
-0.396005	0.531962	0.399683
0.166067	1.022184	-0.303650
-0.413128	-0.388920	-0.290210
0.478120	1.115490	0.319241
-0.242051	1.000021	0.176017
0.031530	-0.873660	-0.130927
0.285772	0.022546	0.618543
-0.508472	0.063472	0.005183
0.424081	-0.227318	0.504581
0.407447	0.166098	0.697171
0.398625	0.514423	0.721930
-0.382037	0.759952	0.336524
-0.400880	-0.316002	0.299272
0.460024	1.161106	0.310284
-1.330787	0.077907	-0.447675
-0.980875	-0.547213	-0.555217
-0.236865	-0.647003	-0.266539
0.040636	-0.278273	-0.483948
0.408140	-0.323911	0.470570
-0.416412	0.830326	0.220399
-0.235790	0.929096	-0.215966
-0.388256	0.041251	0.326559
0.448981	-0.700212	0.175725
-0.462017	0.286281	0.343866
0.429423	1.119154	0.279585
0.443331	1.240838	0.272965
-0.968388	-0.767623	-0.360829
-0.933733	-0.805315	0.282247
0.061775	-0.495101	-0.460589
-0.243383	0.500467	-0.407320
0.369917	-0.180583	0.505639
-0.521385	0.117581	0.048077
0.364695	0.259813	0.720679
0.358936	0.410235	0.741217
0.360604	0.594155	0.705220
-0.499815	0.734466	0.086963
-0.917618	-0.084700	-0.198556
-0.484649	-1.003175	0.350179
0.105512	1.099504	0.217171
-0.222622	-0.034865	-0.450820
-0.003987	0.223150	-0.638773
0.359380	-0.148819	0.502799
-0.899679	-0.805006	0.377715
-0.351182	0.665627	0.384727
-0.363021	-0.238718	0.329152
-0.543419	0.190425	0.000430
-0.658167	-0.973407	0.437334
-0.781241	-0.773124	0.551707
0.399627	1.169218	0.259947
-0.629718	-0.930628	-0.027697
-0.518100	0.664539	0.185466
-0.764851	-0.461350	-0.161354
-0.151195	-0.644608	-0.312697
-0.934145	-0.464551	0.104707
0.321177	0.210976	0.720114
0.315053	0.315641	0.757272
0.314683	0.458880	0.738366
0.319420	0.594928	0.709592
-0.355710	0.430830	0.457414
-0.888037	-0.397333	0.119475
-1.130924	0.191961	-0.399882
-0.456942	0.042422	0.179389
-0.539973	0.546452	0.212326
-0.958548	-0.378834	-0.212415
-0.222764	0.124773	-0.450511
-0.207016	0.253385	-0.445045
0.315609	-0.228686	0.508850
0.317008	-0.085627	0.483490
0.322194	0.119237	0.698883
-1.243736	-0.670430	-0.975188
-0.047662	1.049179	-0.181322
-0.408108	-0.460996	-0.258829
-0.008751	1.090519	-0.088966
-0.542871	-0.272911	0.102426
-0.563226	0.293700	-0.000349
0.321827	-0.462101	0.471499
-0.472858	0.136361	0.225960
0.273951	0.216861	0.740169
0.269895	0.365776	0.769779
0.270327	0.507059	0.732540
-0.395838	-0.657192	0.692509
-0.461664	-1.016695	0.117320
-1.031047	-0.580134	-0.861626
-0.756256	-0.724099	-0.254734
-0.887545	-0.453389	0.336000
-0.113229	0.288240	0.589310
0.275053	-0.549377	0.494088
0.272146	-0.415926	0.514023
0.272053	-0.274984	0.519535
0.270629	-0.135734	0.503328
0.274465	-0.046762	0.522195
0.275371	0.595598	0.712983
-0.353103	0.282458	0.450202
-1.026967	-0.583732	-0.904497
-0.400247	-0.420773	-0.281605
-0.673857	-0.332598	0.022629
-1.064450	-0.678569	-0.804684
-0.939547	-0.858967	0.143329
0.230148	0.217879	0.745723
0.226109	0.414527	0.762462
0.237285	0.555442	0.724862
-0.339138	-0.145168	0.349285
-0.976227	-0.656093	-0.876594
-0.217276	-0.894014	0.261246
-0.574933	0.491957	0.027166
-0.088024	0.223152	0.611071
0.231867	-0.508443	0.522411
0.229242	-0.226467	0.523113
-0.954747	-0.706430	0.096143
0.220915	0.127373	0.735360
-0.354194	0.332049	0.453519
-0.671462	-0.340300	0.111695
-0.947795	-0.558355	0.239714
-0.281618	-0.994015	0.117484
-0.942207	-0.756158	0.285111
0.186476	0.219120	0.749927
0.184166	0.365767	0.752284
0.178919	0.556743	0.715397
-1.009040	0.059696	-0.193046
0.078230	1.083043	-0.174222
-0.252915	-0.784358	-0.178804
0.189458	-0.593326	0.520400
0.189916	-0.362596	0.534852
0.186859	-0.129933	0.507662
-0.333205	0.063855	0.396161
-0.382516	-0.773620	0.664671
-0.083243	-0.817913	-0.171987
-0.263523	-0.776808	0.588274
-0.913618	-0.938602	0.104668
-0.473950	0.038441	0.134169
-0.120777	-0.859557	-0.066056
0.143796	0.171495	0.751740
0.141869	0.318194	0.750082
0.139743	0.464096	0.746953
-0.915177	-0.325017	0.012879
-0.005828	1.101044	0.092046
-0.488468	0.759045	0.060932
0.150790	-0.543821	0.529142
0.145620	-0.454536	0.552180
0.146796	-0.271568	0.516748
0.144121	-0.127977	0.512251
-0.037827	-0.908681	-0.017896
-0.126751	-0.846374	-0.086778
0.127120	0.699111	0.646967
-0.937286	-0.698358	-0.109588
-0.470033	0.388139	0.347087
0.138151	-0.560549	0.535121
-0.072155	-0.060402	-0.527621
0.100262	0.221174	0.747968
0.098044	0.367950	0.745356
0.097180	0.557000	0.724826
-0.936126	-0.748886	-0.038484
-1.131161	-0.690237	-0.495441
-1.084183	-0.678823	-0.397701
0.106970	-0.587661	0.545053
0.103153	-0.360334	0.558262
0.101634	-0.172756	0.531040
0.107705	-0.057499	0.549821
-1.298482	-0.015422	-0.270523
0.084051	0.782497	0.601058
-0.001811	-0.110825	-0.556574
0.077455	-0.872902	-0.134161
-0.973474	-0.768788	-0.450997
0.045525	0.124724	0.717163
0.046840	0.222502	0.741038
0.044031	0.417936	0.730786
0.043552	0.561749	0.702915
-1.020971	-0.681543	-0.757313
-0.879904	-0.423578	0.287471
-0.466298	-0.060049	-0.161350
0.066481	-0.585290	0.550359
0.063750	-0.405026	0.551434
0.059236	-0.170365	0.531951
-0.504510	0.718984	0.000802
0.032855	0.514340	0.709599
0.040646	0.741064	0.593470
-0.915949	-0.558467	0.370568
-0.615450	-0.913538	-0.073637
-0.434867	0.833987	0.032345
-1.057744	-0.621005	-0.997745
-0.468024	-0.344299	-0.244622
0.033213	-0.630266	0.522429
0.019118	-0.366978	0.543076
0.020444	-0.178157	0.538766
-0.350187	0.928504	0.073055
0.001583	0.370820	0.727900
-0.003366	0.558329	0.676644
0.001413	0.742919	0.579994
-0.779107	-0.703196	0.554234
-0.909646	-0.923175	0.227272
0.014190	-0.410765	0.537093
-0.018562	0.322100	0.720525
-0.841984	-0.476393	0.380451
-0.005651	-0.671500	0.505017
-0.005271	-0.492461	0.549094
-0.018388	-0.385093	0.546065
-0.019231	-0.307923	0.527761
-0.030375	-0.066504	0.555628
-0.548043	-0.273912	0.057827
-0.049227	0.321952	0.696858
-0.050912	0.468238	0.684971
-0.037869	0.649233	0.621167
-0.046013	0.750855	0.567858
-0.422555	0.609895	0.366926
-0.915045	-0.791986	-0.081657
-0.022775	-0.537035	0.536302
-0.041360	0.019668	0.540523
-0.050946	0.176764	0.662232
-0.053730	0.800577	0.552617
-0.143004	1.032327	-0.133891
-0.042623	-0.666936	0.497005
-0.051410	-0.536092	0.521513
-0.057335	-0.398759	0.531245
-0.061259	-0.258952	0.512668
-0.060162	-0.097259	0.547042
0.335251	1.115946	0.180127
-0.406641	-1.009723	0.436864
-0.089470	0.563142	0.600114
-0.086873	0.702613	0.569187
-0.397503	-0.234086	0.286027
-0.494125	0.735453	0.122818
-0.065831	-0.678855	0.483701
-0.924198	-0.906651	0.185133
-1.144247	-0.580653	-1.049936
-1.182415	0.171265	-0.512901
-0.229570	1.003878	-0.024203
-0.095735	-0.667941	0.473661
-0.101387	-0.533498	0.512403
-0.103371	-0.347760	0.513032
-0.106865	-0.160329	0.505112
-0.119324	-0.015037	0.527910
-0.124272	0.165662	0.535324
0.233006	-0.680859	0.459972
-0.128653	0.464653	0.550082
-0.120253	0.572828	0.575131
-0.132648	0.750942	0.536924
-0.148772	-0.744197	-0.225257
-0.304630	-0.659851	0.650149
-0.089432	-0.745636	0.428204
-0.137570	0.222322	0.529971
-0.141579	0.318519	0.529874
-0.141046	0.598052	0.566811
-0.972668	0.008713	-0.168707
-0.137144	-0.158702	0.486600
-0.168918	0.031361	0.515280
-0.174231	0.171417	0.518757
-0.177365	0.270904	0.524576
-0.182392	0.422549	0.523914
-0.158916	0.532771	0.528463
-0.171026	0.662490	0.537295
-0.427740	-0.629476	0.683124
-0.541076	0.418583	0.223040
-0.134260	-0.707319	0.439227
-0.154790	-0.534792	0.487300
-0.158434	-0.346836	0.483688
-0.165016	-0.204594	0.467184
-0.163600	-0.059402	0.497300
-0.184143	0.753681	0.491447
0.112760	-0.572774	-0.445710
-0.186357	-0.008946	0.490425
-0.410280	0.670869	0.348941
-0.062737	1.080715	-0.046676
-0.929329	-0.585209	-0.254792
-0.175867	-0.700712	0.439795
-0.191497	-0.483606	0.469751
-0.205017	-0.248980	0.468541
-0.209850	-0.157212	0.443707
-0.217375	-0.007395	0.470995
-0.224440	0.125378	0.499422
-0.231623	0.324819	0.523057
-0.232419	0.470877	0.498689
-0.219772	0.663289	0.478198
-0.210891	0.843231	0.410714
-0.283093	-0.424089	0.404987
-0.916438	-0.234968	-0.253057
-0.239999	0.615054	0.450437
0.036352	1.075189	-0.176937
-0.612912	-0.580045	-0.254788
-0.423968	-0.568356	-0.268489
-1.016420	-0.155951	-0.322968
-0.229817	-0.481356	0.438918
-0.240676	-0.344599	0.441658
-0.244763	-0.246541	0.438863
-0.254560	-0.054145	0.431229
-0.257631	0.038826	0.458794
-0.257858	0.185564	0.492445
-0.273313	0.376562	0.501494
-0.270372	0.526043	0.478482
-0.262260	0.754500	0.415433
-1.033233	-0.564403	-0.732785
-0.229621	-0.697263	0.529047
-0.858131	-0.423209	-0.174822
-0.270084	0.028308	0.440504
-0.067781	-0.135267	-0.488614
-1.050116	-0.121722	-0.342433
-0.271356	-0.292274	0.412613
-0.284715	-0.052450	0.404093
-0.027982	-0.429405	-0.477652
-0.044616	-0.283887	-0.480454
0.119107	-0.615915	-0.425721
0.094219	-0.352826	-0.486304
-1.016607	-0.113704	-0.325601
-1.137961	0.091635	-0.431832
0.858137	0.697198	0.523431
-0.166658	0.873208	0.416157
-0.431209	-0.527241	-0.264838
-0.363048	0.870919	0.248301
0.100218	-0.391306	-0.485804
0.876117	0.258782	0.640960
0.831464	0.362656	0.606981
-0.637301	-0.468952	0.387890
0.833912	0.576922	0.563222
0.821697	0.705703	0.532004
-0.452007	-0.372033	0.389425
0.020277	-0.493942	-0.452587
-0.405592	-0.337954	0.339769
0.870491	-0.408639	0.597348
0.881891	-0.275559	0.567682
-0.102732	0.213577	-0.565323
0.840066	0.131894	0.687520
0.832875	0.256112	0.640366
-1.290924	0.171069	-0.459484
0.113922	-0.502665	-0.464957
-0.496170	-0.423658	0.433480
-0.876774	-0.736462	-0.348100
-0.586394	-0.377626	0.339611
-0.919776	-0.895121	0.232105
0.001214	0.837766	0.550117
0.778342	0.683821	0.548552
0.776778	0.765657	0.499722
-0.092786	0.877168	0.469287
-1.010276	0.084297	-0.212870
-1.147330	-0.104543	-0.376733
-0.379056	0.838280	0.268395
-0.499079	-0.639336	-0.268307
-1.098254	-0.134746	-0.166372
0.791316	0.181100	0.666524
-0.406950	-0.420422	0.443002
-0.291043	0.911371	0.296687
-0.108028	-0.639161	-0.339767
-0.220392	-0.944368	0.158142
-0.409241	-0.374371	0.393213
-0.539925	-0.326153	0.294206
0.169653	0.973222	-0.380271
-0.339721	0.842058	0.306544
-1.220982	0.002291	-0.287368
0.739522	0.666194	0.542822
0.733774	0.765370	0.496233
0.732704	0.836865	0.436394
-0.534807	-0.385224	0.382401
-0.138275	-0.527860	-0.405271
0.005920	0.970861	0.440512
-1.098270	-0.151369	-0.133939
-0.410727	-0.470697	0.487102
-1.102109	-0.062380	-0.236239
0.072673	1.108732	-0.034691
-1.335539	0.151944	-0.423747
-0.649104	-0.656395	0.604556
-0.411265	-0.523638	0.520787
0.740376	1.177067	0.224245
-0.702410	-0.555847	0.444055
-0.046207	0.885168	0.490944
-0.036096	1.013982	-0.253149
-1.328711	0.183526	-0.501820
0.689584	0.660916	0.555315
0.690823	0.757867	0.495408
0.690232	0.871067	0.424237
-0.502008	-0.552119	0.533772
0.699968	1.190443	0.258185
-0.453235	-0.399073	0.421610
-0.211850	0.969254	0.275475
-0.614140	-0.551003	0.453141
-0.560510	-0.685536	0.658721
-0.265036	-0.647907	0.575281
-0.257567	0.919716	0.313588
0.681922	0.612523	0.597340
0.680474	1.131890	0.332656
-0.122013	0.871620	0.456946
-0.645434	-0.605183	0.532661
-1.055577	-0.149463	-0.159569
-1.284172	0.196051	-0.505971
-1.015555	-0.015388	-0.159996
0.658259	0.644088	0.589268
0.655246	0.728305	0.540765
0.644326	0.805733	0.482063
0.642309	0.887275	0.435038
-0.162303	0.823812	0.465808
0.648016	1.111541	0.362592
0.648635	1.192748	0.298944
0.676722	1.245443	0.214939
-0.302668	-0.518064	0.445753
-0.925104	-0.078266	-0.156712
-0.706989	-0.647076	0.573052
-0.690847	-0.626058	0.556937
0.634389	0.651783	0.598681
-0.706009	-0.578621	0.479273
-0.365151	-0.426793	0.431600
-1.175158	0.117851	-0.375093
-0.447619	-0.301426	0.275927
-1.253333	0.170342	-0.449811
-0.634137	-0.384102	0.296125
0.599811	0.622553	0.644833
0.594063	0.722345	0.596434
0.607886	0.775920	0.539740
0.599075	0.924027	0.425416
0.118376	1.096252	-0.124068
0.609092	1.202342	0.313930
0.622106	1.279268	0.213137
-0.343747	-0.994005	0.304392
-0.718366	-0.676423	0.587545
-0.669580	-0.991679	0.105594
-0.646352	-0.635903	0.582962
0.413651	-0.774488	0.031876
-1.291345	-0.698718	-0.983434
0.555273	0.629174	0.652258
0.553420	0.771832	0.575509
0.563216	0.864397	0.492593
0.566989	0.958531	0.405650
-0.930216	-0.566435	-0.637823
0.567115	1.241981	0.291120
0.579096	1.292752	0.210817
-1.085270	0.079827	-0.290092
-0.915595	-0.145829	-0.102200
-0.649019	-0.590507	0.504353
0.543908	0.966378	0.414211
-0.821142	-0.345693	0.042823
-0.997162	-0.096727	-0.107612
0.506475	0.677114	0.627066
0.505802	0.807376	0.554832
0.511753	0.900751	0.486701
0.505513	0.975583	0.422843
-0.458316	-0.544180	0.545324
0.538617	1.264316	0.266290
-1.097170	0.043037	-0.285325
0.074639	1.104411	-0.081638
-0.930755	-0.688694	-0.662546
-0.811329	-0.268850	-0.051489
-1.141484	-0.040127	-0.265195
-0.659444	-0.405567	0.306551
0.456498	0.698269	0.627556
0.454575	0.813247	0.553817
0.453053	0.945777	0.469228
0.473575	1.002232	0.395847
0.488639	1.312549	0.186804
-0.001901	1.017383	-0.263303
-0.162411	0.963156	0.328969
0.447112	0.587848	0.699069
0.446443	0.674765	0.645977
-1.087143	0.004654	-0.260264
-0.752597	-0.520707	0.430443
-0.131125	0.785593	0.517407
0.429572	1.258716	0.250834
-0.032287	1.031675	0.321008
-1.261487	0.080064	-0.359452
0.402974	0.681354	0.652353
0.398293	0.759703	0.596244
0.401386	0.860361	0.523600
0.407685	1.025810	0.377122
-1.041860	0.088989	-0.239804
-0.413508	-0.543766	0.546479
-0.349488	-0.618358	0.658675
0.449156	1.321471	0.148033
-0.095844	0.842183	0.496148
-0.967045	-0.065197	-0.122262
-0.327629	-0.520109	0.470932
0.360000	0.687663	0.658209
0.355081	0.770816	0.603310
0.359708	0.858399	0.517102
0.362569	0.994018	0.418282
-1.057665	-0.199627	-0.092209
-0.101773	0.902824	0.449294
-0.983888	-0.573766	-0.729569
0.465851	-0.615183	0.225579
-0.240668	-0.968856	0.073760
-1.106528	-0.674400	-0.851778
-0.180765	0.814103	0.449581
-0.286032	-0.586462	0.511975
0.317597	0.690311	0.659215
0.320702	0.863489	0.520003
0.320712	0.995920	0.415562
0.332116	1.076247	0.280320
-0.138646	0.804690	0.497366
-0.552184	-0.604980	0.576853
0.305088	0.808448	0.585207
0.486544	-0.656315	0.131502
-0.931306	-0.578654	-0.685002
-0.932699	-0.092359	-0.131950
0.035482	1.052905	-0.224648
0.276200	0.642605	0.695008
0.270869	0.812266	0.592200
0.275924	0.910423	0.506389
0.280337	1.002658	0.413869
0.287065	1.064223	0.309899
-0.226138	0.914283	-0.251139
-0.588218	-0.566387	0.486093
0.279782	1.113322	0.180432
-0.861774	-0.189518	-0.101528
-0.131162	1.056990	0.097298
0.231910	0.692845	0.681275
0.230399	0.790063	0.617767
0.232857	0.868208	0.547809
0.235945	0.960402	0.467739
0.233108	1.055956	0.329909
-0.693666	-0.480766	0.374365
0.032954	1.099979	-0.085541
0.004332	1.072251	-0.163882
0.235190	1.117450	0.174669
-0.147182	1.049356	-0.013389
-1.185626	0.020735	-0.316631
0.192423	0.688520	0.677866
0.183176	0.796832	0.615731
0.180038	0.916578	0.510274
0.239887	1.123367	0.078854
-0.596520	-0.454620	0.409158
0.171574	0.647062	0.681388
0.182152	1.062975	0.319371
0.190603	1.106216	0.210442
-0.259090	0.394955	-0.414625
-0.354260	0.778151	0.345664
0.072889	-0.835014	-0.224260
-1.026372	-0.585307	-0.942743
0.132682	0.602546	0.702540
0.124446	0.787439	0.611304
0.129003	0.914818	0.501087
0.138219	1.044048	0.352030
0.147450	1.086784	0.263869
-1.179123	0.006577	-0.305434
0.124931	0.995764	-0.349831
-0.075532	1.035787	0.276361
0.047770	1.066812	-0.206371
-1.064797	0.066244	-0.264810
0.088461	0.642158	0.680633
0.087640	0.889352	0.513463
0.087939	0.989653	0.430971
0.100309	1.059980	0.316096
-0.170820	0.980582	0.293646
-0.767144	-0.950488	-0.004683
0.124739	1.006429	-0.335404
0.047124	0.713344	0.614299
0.045996	0.868300	0.531666
0.047691	0.953906	0.476493
0.056983	1.038724	0.345521
-0.866239	-0.783343	-0.179324
-0.351315	-0.410550	0.406989
0.471185	-0.579017	0.238021
-1.080175	-0.562906	-0.652728
-0.295138	0.834276	0.350775
-1.218853	0.136709	-0.516265
0.017714	0.951215	0.468257
-0.548848	-0.655212	0.644630
-0.971632	0.029433	-0.241039
0.017944	-0.685835	-0.367245
-0.706160	-0.852538	-0.113164
0.893063	0.687575	-0.299731
0.906865	0.653476	-0.384204
-0.817147	-0.677349	-0.567094
0.468872	-0.656545	0.184586
0.847530	0.993141	-0.095199
0.880274	0.646181	-0.441166
0.840369	0.766826	0.443824
-0.875043	-0.549646	-0.432486
-0.370855	-0.602803	-0.270920
0.833520	1.030163	-0.085275
-0.625819	-0.320568	0.022465
0.856460	0.709507	-0.303034
0.862548	0.635952	-0.466943
-0.257635	-0.953029	0.433099
0.815228	0.789732	0.436010
-0.873145	-0.546413	-0.388476
0.798979	1.128031	0.134224
0.803937	1.121717	-0.005631
0.810932	1.037432	-0.111113
-0.508668	-0.896992	-0.113657
0.832148	0.715850	-0.337717
-0.315460	-0.958957	-0.013841
-0.673774	-0.339591	-0.022497
-0.617808	-0.338863	0.207799
0.768258	1.178882	0.039278
0.768624	1.129233	-0.100700
0.788522	0.788018	-0.246214
0.794523	0.726712	-0.393501
0.795293	0.655134	-0.501237
-1.032183	-0.575822	-0.819015
-0.976680	-0.676687	-0.752013
0.761412	1.164628	-0.057361
0.785599	0.718688	-0.440100
0.404156	-0.695572	0.270388
-1.043395	-0.552795	-0.604652
-0.722849	-0.376309	0.161502
0.720524	1.234071	0.132731
0.726040	1.219498	-0.012814
0.734918	1.123182	-0.156846
0.751062	0.825981	-0.254439
0.761933	0.742729	-0.393475
0.405207	1.185643	-0.133972
-0.992763	-0.592046	-0.863658
-0.723044	-0.342223	-0.023043
-0.871186	-0.545301	-0.344349
0.711815	1.246140	0.041575
0.720840	1.105007	-0.191748
0.732217	0.786724	-0.401515
-1.042309	-0.554244	-0.561896
-0.868753	-0.987908	0.048382
0.406131	-0.652116	0.314819
0.673736	1.273951	0.124443
0.682350	1.257324	-0.017775
0.685000	1.212345	-0.111000
0.700762	1.141976	-0.177520
0.049399	0.789244	-0.474513
0.699737	0.785112	-0.451368
-0.433216	0.140646	-0.317287
-1.080781	-0.562334	-0.695228
-0.766791	-0.518781	-0.196084
0.686061	0.847000	-0.348872
-0.304485	0.724552	-0.322721
-0.439029	0.713907	-0.198695
0.902693	-0.659908	-0.180098
-0.932100	-0.678079	-0.748091
0.643776	1.291188	0.073420
0.641269	1.256771	-0.071182
-0.365843	0.203103	-0.367907
0.655195	0.876150	-0.318141
0.653759	0.822127	-0.449361
0.400816	1.138952	-0.132103
-0.843439	-0.203051	-0.115480
0.618866	1.299801	0.118088
-0.387472	0.091306	-0.349504
-0.418430	0.055619	-0.311573
-0.086259	-0.780307	-0.221145
0.592307	1.306803	0.019114
0.597705	1.273527	-0.076475
0.591032	1.209966	-0.176341
0.620273	0.950526	-0.255103
0.607955	0.827261	-0.452294
-0.414330	0.407775	-0.345452
-1.032958	-0.570211	-0.775947
-0.876553	-0.397502	0.166514
-0.393550	-1.026261	0.242632
0.592992	0.895158	-0.354657
-0.428932	0.031164	-0.281873
-0.059801	0.008179	-0.615088
-0.722707	-0.358163	0.114583
-0.086574	1.059590	0.199948
0.546101	1.325111	0.061185
0.550430	1.292966	-0.072123
-0.167152	-0.395491	-0.435396
0.564923	0.825733	-0.457415
-0.211881	0.700253	-0.383602
-1.081036	-0.563454	-0.737813
-0.766989	-0.549742	-0.293503
-0.513447	-0.960261	-0.028126
-0.208268	0.833543	-0.334407
-1.226017	-0.631323	-1.010865
-1.077449	-0.571484	-0.907153
-0.225155	-0.885812	0.313783
0.502752	1.329653	0.055646
0.514126	1.294368	-0.077080
-0.085781	-0.755798	-0.249409
0.511463	0.939081	-0.355760
0.518023	0.831611	-0.472290
0.510097	0.765556	-0.542387
-0.913471	-0.544065	-0.434604
0.889667	-0.457815	0.575710
-0.757374	-0.813392	-0.164439
0.502697	0.975193	-0.313048
-0.939507	-0.639457	-0.903006
-0.964344	-0.543866	-0.452961
0.456315	1.330053	0.097932
0.464851	1.304333	-0.045460
-0.764766	-0.922794	-0.027127
0.482541	0.923756	-0.379505
0.476395	0.857085	-0.462272
-0.593954	-0.978195	0.393851
-0.915112	-0.545911	-0.470940
-0.841461	-0.218785	-0.086119
0.460098	0.827302	-0.479367
-0.651509	-0.759918	-0.217237
-1.113913	-0.566944	-0.868826
0.883581	-0.497303	0.566386
-0.737253	-1.000516	0.288743
0.402722	1.316810	0.091055
0.424202	1.300683	-0.039842
-0.759286	-0.710299	-0.289315
0.442092	1.054415	-0.185266
0.423878	0.985317	-0.331652
0.428184	0.868105	-0.458482
0.418388	0.778861	-0.520877
-0.497941	-0.994323	0.471373
0.287940	-0.791894	0.326116
0.373689	-0.741593	0.274042
0.387585	1.037209	-0.239901
-0.138162	0.596712	-0.461239
-0.938735	-0.542729	-0.436326
-0.442976	-0.156810	-0.240436
0.383091	0.955411	-0.376576
0.383756	0.849663	-0.467618
-0.479644	-1.011926	0.303697
-0.840845	-0.214619	-0.157325
-0.976780	-0.710066	-0.578111
0.372810	0.830904	-0.489314
-0.454610	-0.869182	-0.158952
-0.973087	-0.697386	-0.626460
0.336239	1.043833	-0.246231
0.349886	0.974636	-0.354699
0.339601	0.881487	-0.445640
0.330405	0.810240	-0.515146
0.377285	-0.699743	0.316471
-0.599617	-0.977010	0.440093
0.298714	1.103941	-0.108858
-0.194607	-0.864931	-0.065891
0.295405	1.115854	-0.059550
0.293026	1.044153	-0.249564
0.294775	0.983050	-0.334357
0.287451	0.832434	-0.495853
-0.342913	0.795220	-0.252384
-1.275969	0.184938	-0.551642
0.286978	1.121321	-0.013902
-0.044379	-0.807944	-0.212343
-0.732302	-1.014253	0.183363
-0.741967	-0.690816	-0.306940
-0.855901	-0.668957	-0.769533
0.245311	1.103411	-0.112006
0.250029	1.044511	-0.252303
0.249261	0.978360	-0.340280
0.252403	0.876408	-0.453618
-0.620431	-0.950735	0.019366
-0.102285	-0.250613	-0.464758
-0.818968	-0.721686	-0.388373
-0.733811	-1.008276	0.206937
0.422552	-0.658502	0.277078
0.196932	1.119729	0.026441
0.202861	1.102639	-0.116147
0.208086	1.021183	-0.293234
0.220018	0.950820	-0.389270
0.203917	0.882442	-0.454906
-0.853421	-0.750832	-0.262627
-1.122629	-0.576570	-0.698805
0.701977	-0.136794	-0.482916
-1.075199	-0.762267	-0.508992
0.147621	1.106726	0.205587
0.152723	1.117390	0.069620
0.158624	1.109496	-0.073196
0.167517	1.061404	-0.223017
-0.437977	-0.314067	-0.291694
-0.770223	-0.701115	-0.330513
-0.592019	-0.331444	0.242951
-0.530075	-0.306203	-0.099791
-1.320599	-0.668882	-0.997311
-0.979475	-0.760696	-0.492726
-1.316154	-0.668189	-0.949941
-0.525355	-0.259113	-0.020765
-1.213588	-0.589807	-0.880326
-0.954795	-0.751744	0.102657
-0.932431	-0.672992	-0.790303
-0.911441	-0.814707	0.345584
-0.927240	-0.905003	0.139014
-0.070640	0.226165	0.649251
-0.956230	-0.750771	0.188505
-0.516919	0.124596	0.091205
-1.307057	-0.697238	-0.923237
-0.902613	-0.549369	0.392350
-0.484181	0.078257	0.145163
-0.492562	0.058955	0.096452
-0.976588	-0.478057	-0.084705
-0.107052	0.867460	-0.371329
-0.541000	0.605295	0.173675
-0.911044	-0.839392	-0.041407
-0.481487	-0.022650	0.053884
-0.407484	0.824351	0.252422
-0.500966	0.692730	0.209099
-1.201737	-0.608918	-0.809462
-0.421175	-0.055634	0.236270
-1.002957	-0.420786	-0.043808
0.034846	-0.917258	-0.033080
-0.022264	-0.707025	-0.329707
-0.562302	0.368563	0.116267
-1.247649	-0.674827	-0.814751
-0.556990	0.324247	0.125924
-0.194801	-0.799170	-0.136060
-0.531750	0.172692	0.083204
-1.254586	-0.714150	-0.826213
-0.242733	-0.958364	0.031219
0.063039	-0.723374	-0.351169
-0.330641	0.854666	-0.211874
-0.951500	-0.784858	0.088462
-1.238943	-0.751068	-0.831967
-0.498652	-0.112706	0.010309
-0.623752	-0.969005	0.065854
-0.942425	-0.754237	0.005545
-1.221999	-0.667785	-0.761699
-0.702704	-0.762937	-0.212590
-0.266637	0.936992	-0.166399
-0.353065	0.837902	-0.201561
-0.101087	-0.898558	0.200940
0.338530	1.234355	-0.009346
-0.391765	-0.059675	0.288839
-0.415878	0.748769	-0.201380
-0.030903	-0.926889	0.205770
-0.976793	-0.670048	-0.794004
-1.136808	-0.587479	-0.674447
0.356693	1.282461	0.040456
0.343399	1.143564	-0.056726
-0.936885	-0.402115	0.032749
-0.291831	0.933207	-0.135583
0.038310	-0.761613	-0.302038
-0.067817	0.189475	0.637540
-0.969370	-0.747223	-0.266222
-0.217319	0.998169	-0.093418
-0.458206	0.723066	-0.161009
-0.235663	-0.859353	-0.102769
-1.109260	-0.579679	-0.615698
-1.197284	-0.719164	-0.691355
0.323925	1.178760	0.021626
-0.408345	0.818416	-0.122880
-0.976387	-0.683571	-0.709645
-0.100325	-0.907634	0.062126
-1.365051	0.108781	-0.359186
-0.941296	-0.459426	0.035044
-0.467460	0.734260	-0.124175
-0.727178	-1.015249	0.113249
-0.508031	-0.156872	0.009785
-1.140913	-0.614273	-0.586494
0.324366	1.233115	0.088074
-0.498818	0.278120	0.276980
-0.432266	0.802961	-0.092923
-0.521980	0.638975	-0.110660
-0.096058	0.261550	-0.563283
-1.161766	-0.640208	-0.593637
0.338471	1.249403	0.130375
-0.413674	0.843941	-0.047157
-0.549379	0.531764	-0.140419
-1.149099	-0.241084	-0.285544
-1.173537	-0.682378	-0.593911
-0.276002	0.974430	-0.001414
-0.349049	0.915029	-0.031627
-0.545686	0.585320	-0.103070
-0.756266	-0.737790	-0.232077
-1.297822	-0.033960	-0.312629
0.326909	1.128943	0.134967
-0.413007	0.854000	-0.005977
-0.570170	0.455747	-0.097660
-0.017496	-0.901163	-0.050075
-1.285695	-0.056754	-0.300021
-1.076711	-0.588280	-0.489338
-1.149828	-0.720679	-0.563474
-0.898016	-0.833785	-0.077945
-0.297654	0.965494	0.039234
-0.503183	0.711225	-0.037087
-0.560238	0.302802	-0.128164
-1.264582	-0.099421	-0.298116
-0.370925	0.904619	0.034323
-0.195548	0.549208	-0.422486
-1.053301	-0.581892	-0.455901
0.362283	1.147531	0.199912
-0.158169	-0.601934	-0.337856
-0.230488	-0.826545	0.527069
-0.174761	-0.360747	-0.438545
-1.137495	0.048963	-0.413498
0.862569	-0.612876	0.309942
0.851711	-0.590158	0.488925
-1.299834	0.093236	-0.484236
-0.471941	-0.557738	-0.264676
0.912023	0.053188	0.660656
0.856725	-0.683034	0.038842
0.880774	-0.567659	0.169798
-0.345382	-0.552737	-0.269908
0.878666	0.008836	0.696571
0.849963	-0.722280	-0.049529
0.812099	-0.612571	0.345638
0.815619	-0.589147	0.477408
0.803156	-0.527005	0.551822
-0.602374	-0.952791	0.515693
0.857207	-0.016367	0.690955
0.279153	0.084839	0.691142
0.152751	-0.753979	0.447726
0.816530	-0.633236	0.072736
0.845736	-0.562412	0.150419
-0.665538	-0.931368	0.522921
0.196166	-0.838433	0.352629
0.826821	-0.102731	0.620978
0.227473	-0.033685	0.570832
0.244093	0.001658	0.619517
0.809723	-0.551261	0.129006
0.766044	-0.569311	0.482863
-0.673577	-0.948716	0.492688
0.823738	-0.167337	0.541833
-0.465163	-0.973903	0.547371
-0.096821	0.555971	-0.475056
0.797289	-0.647971	0.034881
-0.782235	-0.999051	0.285247
0.290192	-0.001814	0.575821
0.788712	-0.162629	0.534701
0.785214	-0.090759	0.618360
-0.616032	-0.916348	0.569864
-0.015791	-0.716373	0.482220
-0.385656	-0.906426	0.613219
0.765494	-0.678963	-0.024132
0.777599	-0.616948	0.053348
0.094251	-0.925820	0.232561
0.735498	-0.561102	0.471701
0.129829	-0.861233	0.340225
-1.055925	-0.364584	-0.080876
0.043722	-0.834437	0.373017
-0.509405	-0.968612	0.530608
0.757349	-0.604968	0.036660
-0.067227	-0.858307	0.318051
0.750729	-0.146860	0.525338
0.005881	0.074702	0.658983
-0.380265	-0.519269	-0.269141
-0.712968	-0.941256	0.479322
0.736544	-0.616139	-0.000800
0.742908	-0.538654	0.055655
0.097004	-0.943020	0.185666
-0.783252	-0.978995	0.326216
0.056941	-0.857633	0.342812
-0.117901	-0.601932	-0.359391
-0.658298	-0.959120	0.477775
-0.470975	-0.929428	0.591686
-0.059128	-0.907618	0.237648
0.726511	-0.464855	0.079519
-0.790274	-0.929858	0.421532
0.053608	-0.929934	0.231167
0.712166	-0.061164	0.566067
-0.381709	-0.956765	0.571009
0.221615	-0.018913	0.598606
0.135116	-0.023523	0.614800
0.702049	-0.540039	-0.027120
0.698370	-0.451758	0.060758
0.133537	-0.003811	0.643690
-0.844883	-0.947368	0.327013
-0.799962	-0.963382	0.349126
-0.319888	-0.783761	0.633890
-1.116510	-0.773422	-0.643935
0.684699	-0.424275	0.075323
0.675994	-0.037879	0.546408
0.631552	-0.462972	0.015173
0.646781	-0.423555	0.335214
-0.418510	-0.993067	0.526175
-0.806799	-0.901593	0.437391
-0.561373	-0.899200	0.616334
-1.200316	-0.766027	-0.831020
0.634768	-0.494077	-0.034118
0.600517	-0.400571	0.367137
-0.835225	-0.885888	0.417755
-0.737704	-0.961724	0.421504
0.019421	0.463428	-0.589456
0.616774	-0.485972	-0.020566
0.123425	-0.826981	0.391558
0.602450	-0.412947	0.149140
0.548348	-0.385898	0.388148
0.232039	-0.761190	0.403713
0.082434	-0.802922	0.419318
0.555001	-0.435181	0.279382
0.558611	0.032229	0.519832
-0.033971	-0.884989	0.295048
-0.039567	-0.846250	0.345734
0.539707	-0.466239	0.174944
-0.043734	-0.787163	0.409373
-0.048602	-0.736518	0.453705
-0.228289	-0.655740	0.486712
0.497847	-0.407699	0.364722
-0.074093	-0.777736	0.407853
0.511176	0.069398	0.572023
-0.399969	-0.777963	-0.213877
-0.972310	-0.758532	-0.303811
-0.908486	-0.427862	-0.176133
0.469487	-0.003605	0.488554
0.467763	0.062202	0.571010
0.169901	-0.823981	0.383940
-1.011538	-0.265967	-0.288861
-0.024626	0.093445	0.639594
-0.965568	-0.430279	-0.166733
-0.385435	-0.536599	-0.267618
0.424774	0.011606	0.523834
0.427705	0.151642	0.683475
-0.622162	-0.497546	-0.228349
0.002420	0.021137	-0.661646
-0.849144	-0.704471	-0.614804
-0.357002	-0.729624	-0.236770
-0.139977	-0.680473	-0.291766
0.386870	0.038377	0.583015
0.371332	0.129713	0.691819
-0.485507	-0.414576	-0.214007
-0.925711	-0.339049	-0.231849
-0.948747	-0.759401	-0.278472
-0.192336	-0.207179	-0.436205
0.329469	0.048710	0.629356
-1.221334	0.060893	-0.459472
0.901011	-0.247153	-0.487375
0.878841	-0.278891	-0.413716
-0.239679	0.343136	-0.420765
-0.162722	0.357770	-0.445019
0.876168	-0.214624	-0.536004
0.806235	-0.669659	-0.148383
-0.466171	0.082745	-0.238090
-1.144285	-0.654418	-0.926696
0.840792	-0.554884	0.238677
-1.185554	-0.644567	-0.969183
-1.222516	-0.649000	-0.983483
0.818945	-0.265660	-0.419336
0.792635	-0.688127	-0.123167
-1.020950	-0.691514	-0.715344
-0.410432	-0.017069	-0.304315
-0.885938	-0.689049	-0.702360
0.817698	-0.254447	-0.457333
0.775279	-0.662887	-0.141079
-0.303341	-0.288001	-0.375865
0.778900	-0.544215	0.247254
-0.296476	-0.319555	-0.376883
-0.925488	-0.762851	-0.353934
0.779162	-0.337454	-0.299220
0.765650	-0.578994	-0.209850
0.779513	-0.495664	0.205294
-1.260486	-0.094029	-0.324772
0.770866	-0.221776	-0.470805
0.779149	-0.265841	-0.373259
0.754424	-0.547895	-0.212951
0.736921	-0.636731	-0.115768
0.768267	-0.463054	0.193255
0.742048	-0.580444	0.337296
0.766040	-0.128244	-0.559491
-0.057846	-0.169259	-0.488444
0.716481	-0.540814	-0.163647
0.749684	-0.432295	0.138233
0.739453	-0.493484	0.251915
0.819775	-0.082748	-0.588171
0.733849	-0.218782	-0.432451
-0.327137	0.498960	-0.379332
0.704859	-0.551178	-0.126873
-0.542158	-0.992496	0.348867
0.711893	-0.512266	0.319498
-1.138843	-0.697499	-0.830629
0.709461	-0.196029	-0.429544
0.676222	-0.452866	-0.224060
0.686610	-0.525985	-0.081964
0.694768	-0.420931	0.195370
0.682434	-0.454926	0.330183
0.498814	1.137074	-0.203693
-1.298514	-0.031164	-0.326663
0.694416	-0.182400	-0.393170
-0.003341	0.621198	-0.509294
-0.772421	-1.014664	0.112560
0.678691	-0.428783	0.397182
-0.975874	-0.691126	-0.667020
0.392866	1.093244	-0.135101
0.681717	-0.084035	-0.483326
0.678970	-0.147536	-0.385404
-0.376809	0.006958	-0.352405
0.633891	-0.503958	-0.079145
0.653880	-0.402580	0.148943
0.647511	-0.432481	0.285298
-1.068303	-0.767327	-0.638696
0.652014	-0.111576	-0.346849
-0.699115	-0.675518	-0.256776
-1.009679	-0.696390	-0.678381
-0.282434	0.769401	-0.318233
0.618836	-0.057272	-0.396153
0.592011	-0.429559	-0.253759
0.589306	-0.498878	-0.130896
0.603547	-0.429939	0.282457
0.421515	1.089419	-0.150989
-0.020887	0.509918	-0.546539
-0.605784	-0.940800	-0.026843
0.061548	0.820139	-0.464450
0.571795	-0.025091	-0.499627
0.568871	-0.080210	-0.356687
0.586176	-0.404456	-0.273361
0.544302	-0.487614	-0.178771
0.560944	-0.489358	-0.023052
-0.353465	0.609822	-0.340206
-0.559633	-1.003825	0.208237
-0.973624	-0.723356	-0.537656
0.523006	0.004492	-0.574507
0.523459	-0.058621	-0.448663
0.502389	-0.504076	-0.189096
-1.149725	-0.198199	-0.322434
-1.306831	0.045103	-0.427846
-0.439926	-0.008870	-0.269733
-1.159220	-0.701477	-0.848206
-0.379162	-0.356542	-0.335474
0.478987	-0.013909	-0.577705
0.476326	-0.090014	-0.405209
0.870581	-0.179586	-0.554234
-0.054535	0.551689	-0.493997
-1.189405	-0.229379	-0.251665
-0.263969	0.002624	-0.433650
0.441310	-0.630187	-0.231416
-0.910666	-0.460207	-0.154501
-1.179134	-0.618259	-1.015312
0.423419	0.004699	-0.628581
0.441305	-0.099673	-0.422194
0.913525	0.138194	-0.551377
0.420189	-0.728220	-0.146015
0.416558	-0.773516	-0.011968
-1.054073	-0.698523	-0.727224
0.145004	0.783415	-0.496850
-0.896586	-0.692533	-0.667444
0.375568	-0.028994	-0.613399
0.380151	-0.110365	-0.443769
-0.172497	0.545001	-0.446045
0.369822	-0.811932	-0.052115
-1.336701	0.114279	-0.487862
-0.243416	0.893735	-0.261582
-0.825272	-1.018829	0.097734
-0.256664	-0.528385	-0.341283
0.329056	-0.053524	-0.615458
-0.166113	0.579654	-0.447526
0.016051	0.410626	-0.607526
0.335058	-0.790227	-0.194615
-0.844190	-1.014246	0.198179
0.317184	-0.065239	-0.604341
-0.457484	0.641172	-0.225160
0.372674	-0.514780	0.428920
-1.053815	-0.740185	-0.652180
0.293311	-0.123215	-0.497254
0.103706	0.779831	-0.491977
0.296651	-0.807341	-0.229574
0.300875	-0.867393	0.040334
-0.189733	0.651336	-0.404909
-0.380429	0.346271	-0.379455
0.287426	-0.870319	-0.098978
-0.755156	-0.853996	-0.116174
0.244984	-0.124324	-0.557676
0.264224	-0.769574	-0.285618
0.265311	-0.832972	-0.194847
0.265909	-0.892378	-0.004623
-1.222043	-0.175791	-0.283307
-0.270491	-0.322041	-0.393735
0.693803	-0.087568	-0.513699
0.237424	-0.880007	0.223879
0.193715	-0.133101	-0.564028
-0.324897	0.441210	-0.394239
0.225962	-0.790422	-0.273223
0.226282	-0.882378	-0.096302
0.222060	-0.908900	0.153609
-0.708207	-0.733781	-0.228082
0.179074	-0.118207	-0.613179
0.220542	-0.831734	-0.220762
0.454031	1.224224	-0.148721
-0.371053	-0.273193	-0.341552
0.193489	-0.861949	-0.187008
0.184587	-0.918685	0.046223
-0.878220	-0.730196	-0.393624
0.138945	-0.120520	-0.607018
0.183776	-0.886362	-0.139589
-0.868539	-0.983847	0.228119
0.157122	-0.771672	-0.310255
0.155472	-0.871408	-0.174179
0.160248	-0.927510	0.001705
-0.827832	-0.956285	-0.008508
0.099481	-0.158678	-0.518800
0.140171	-0.938150	0.049617
0.088175	-0.175502	-0.504607
0.117634	-0.864063	-0.179496
0.119002	-0.926564	-0.041946
0.111506	-0.936299	0.198668
0.062356	-0.104723	-0.618096
0.100266	-0.727322	-0.353127
-0.725448	-0.895768	-0.047550
-0.199045	0.740386	-0.380824
-0.576199	-0.867184	-0.132302
-0.126842	0.211931	-0.523722
-0.360078	-0.142205	-0.347520
0.487405	1.090925	-0.193348
-0.122290	0.086501	-0.529431
0.396517	1.234586	-0.109274
-0.501610	0.389293	-0.256226
-0.083497	0.458573	-0.502005
0.810456	0.027186	-0.581941
-0.269411	0.610434	-0.377603
-0.139508	0.320259	-0.462954
0.016388	0.894609	-0.398476
-0.391517	0.564792	-0.328354
0.549520	1.171223	-0.211350
-0.385062	0.046724	-0.348996
-0.166667	0.009766	-0.469039
-0.352562	-0.172411	-0.351934
0.729500	-0.087663	-0.556111
0.001313	0.062270	-0.663443
-0.365100	0.171632	-0.366384
-0.422868	-0.422382	-0.255481
0.425874	1.136929	-0.152881
0.909559	-0.038965	-0.581466
-0.104822	0.166295	-0.565337
-0.059846	0.457102	-0.532639
-0.450407	0.146342	-0.297223
-0.434845	0.365924	-0.327935
-1.219995	-0.101838	-0.360452
-1.326351	0.171796	-0.535527
0.753073	-0.043508	-0.580347
-0.343317	0.120659	-0.383289
0.738095	-0.470920	-0.238777
-0.106336	0.914376	-0.338915
-0.086917	-0.026909	-0.539760
-0.910288	-0.511933	-0.120382
-0.134739	0.055169	-0.482202
0.078262	0.636380	-0.545165
-0.143330	0.129555	-0.482688
-0.341306	0.038556	-0.384148
-0.171688	0.710430	-0.405178
-0.083687	-0.358488	-0.474014
-0.071921	0.755432	-0.438267
-0.118211	0.354245	-0.487476
0.685003	-0.196219	-0.345168
-0.380075	-0.429845	-0.300026
0.061576	0.859678	-0.448764
0.383449	-0.599152	0.383371
-0.335941	0.660118	-0.334761
-0.208683	0.092823	-0.458317
-0.479771	0.430280	-0.275465
-0.484105	0.050020	-0.198633
-0.441654	0.099341	-0.290063
0.779810	-0.477626	-0.256383
0.090322	0.888143	-0.440985
0.719489	0.004405	-0.563253
-1.188174	-0.555717	-1.062036
0.568933	1.044037	-0.233315
-0.144577	0.906372	-0.327541
0.091588	0.162834	-0.688523
-0.164852	0.313361	-0.450634
0.003772	0.653658	-0.501485
-0.159814	0.876186	-0.341528
-0.448753	-0.351830	-0.268263
-0.040026	0.055494	-0.636844
-0.485323	0.379529	-0.273607
-0.079268	0.011759	-0.590117
0.233391	0.793778	-0.511780
-0.000851	0.287037	-0.626718
-0.681474	-0.497925	-0.213260
0.905601	0.096408	-0.556472
0.536614	1.092634	-0.221619
0.072208	0.557515	-0.580674
-0.630535	-0.432790	-0.183493
0.881712	-0.370826	-0.302823
-0.075671	0.264255	-0.587234
-0.576012	-0.356794	-0.140640
0.912494	-0.117014	-0.584221
-0.581494	-0.417922	-0.194182
0.898617	0.190300	-0.535774
-0.315178	0.881197	-0.199328
-0.535738	0.194077	-0.161595
-0.549665	0.327156	-0.173371
-0.532366	0.524863	-0.179993
-0.422152	-0.176020	-0.270881
-0.520013	-0.362895	-0.172181
-0.472301	0.662024	-0.190716
-0.411711	0.262390	-0.339083
0.912216	-0.409324	-0.298370
-0.505171	0.100017	-0.165964
-0.531251	0.365538	-0.206287
0.494187	1.231098	-0.151733
-0.493459	0.554005	-0.222768
0.674538	-0.000087	-0.528297
-0.473155	-0.009553	-0.179952
-0.518464	0.401627	-0.234893
0.917545	0.438708	-0.482471
0.915536	0.224283	-0.515360
0.896300	0.617117	-0.457018
0.872913	0.394751	-0.525063
0.871588	0.225074	-0.537677
-1.183274	0.056629	-0.442724
-0.901255	-0.345263	-0.217982
0.865545	0.514742	-0.512454
-0.971349	-0.157557	-0.293633
-1.010258	-0.291613	-0.275407
0.861003	-0.658358	-0.197426
0.835175	0.607374	-0.497307
0.827237	0.480944	-0.520473
0.821672	0.352754	-0.539151
0.815658	0.218925	-0.552110
0.814041	0.102886	-0.576171
-0.304373	-0.819947	-0.175345
0.865984	-0.698501	-0.131138
0.854754	0.861836	-0.157791
-0.666913	-0.587592	-0.252784
0.825411	-0.615233	-0.226180
-0.499656	-0.756813	-0.219901
0.780356	0.524146	-0.526421
0.774599	0.396003	-0.536268
0.770627	0.265120	-0.546972
0.765562	0.138795	-0.572383
0.815198	-0.493453	-0.263821
0.805575	0.903530	-0.194263
0.809912	0.795611	-0.219252
0.778838	-0.382835	-0.287772
0.799343	1.036151	-0.130144
0.735966	0.608628	-0.541488
0.740881	0.481274	-0.551710
0.718018	0.391168	-0.588167
0.729587	0.263565	-0.580724
0.716547	0.136330	-0.572758
-0.154543	-0.099032	-0.472186
-0.156264	-0.181615	-0.458290
0.764248	0.990433	-0.203459
0.765374	0.875544	-0.227581
0.703495	0.306183	-0.609455
-1.186241	0.141990	-0.503532
0.728890	-0.400267	-0.265300
0.746489	0.940507	-0.230852
0.695937	0.734095	-0.491386
0.699269	0.608233	-0.559006
0.677274	0.481177	-0.603451
0.667358	0.348024	-0.622950
0.664024	0.178330	-0.613658
0.666499	0.095147	-0.581108
-1.012899	-0.240628	-0.301206
0.723478	1.074716	-0.207379
0.711412	0.948748	-0.240054
0.673496	0.606731	-0.580026
0.684846	-0.394143	-0.263279
-1.066833	-0.110717	-0.351128
0.647924	0.725959	-0.539116
0.636148	0.644917	-0.577510
0.639165	0.483591	-0.610296
0.617764	0.345128	-0.640968
0.617610	0.172340	-0.637240
0.620794	0.081614	-0.591521
0.673834	1.034967	-0.247559
0.619891	0.547182	-0.616819
0.600813	0.180983	-0.647779
0.629724	-0.157812	-0.307860
0.635511	-0.365665	-0.280802
0.666732	1.071060	-0.238233
0.592620	0.605684	-0.607222
0.578925	0.472820	-0.627721
0.566929	0.337620	-0.655506
0.558080	0.135887	-0.650916
0.903490	0.106619	0.677634
0.639484	1.122846	-0.223244
0.624327	0.994006	-0.249085
0.576705	0.587757	-0.616949
0.581483	-0.115205	-0.308590
0.583796	-0.303771	-0.315625
0.552930	0.687182	-0.589627
0.541723	0.585286	-0.617620
0.531285	0.468565	-0.639366
0.522106	0.376905	-0.658052
0.517495	0.246782	-0.673892
0.521661	0.072881	-0.635506
0.595452	1.038180	-0.243254
0.348587	-0.644071	0.395281
-0.242436	-0.743613	0.569458
0.534108	-0.213007	-0.326329
0.538676	-0.353527	-0.320086
-1.208671	0.120783	-0.498143
0.497616	0.596640	-0.609966
0.485393	0.471195	-0.640519
0.476882	0.373983	-0.672071
0.475865	0.244752	-0.683795
0.468837	0.076668	-0.663099
0.457260	0.231214	-0.693679
0.497908	-0.168718	-0.331437
0.496653	-0.365060	-0.332730
-0.207798	-0.395872	-0.421983
0.451181	0.591336	-0.621206
0.451275	0.474151	-0.646712
0.429841	0.367133	-0.678457
0.422350	0.233146	-0.697003
0.427425	0.067184	-0.673812
-0.147918	-0.289579	-0.454142
-0.721137	-0.548277	-0.246094
-0.126249	-0.392749	-0.460046
-0.124010	-0.430246	-0.445281
0.439804	-0.263220	-0.366739
0.451608	-0.403177	-0.325123
-0.109841	-0.456056	-0.436116
-0.308177	-0.743202	-0.222284
0.415934	0.675945	-0.598658
0.396105	0.502611	-0.645886
0.386953	0.404555	-0.669757
0.376048	0.225311	-0.695299
0.372875	0.106676	-0.711066
0.437415	-0.495837	-0.279242
0.449870	-0.595365	-0.238637
-0.491557	-0.824302	-0.190053
0.401027	-0.173254	-0.379327
0.431594	-0.543645	-0.276128
-0.952344	-0.286596	-0.261962
0.370349	0.670327	-0.603139
0.354427	0.533548	-0.632830
0.337840	0.351511	-0.670731
0.331879	0.261121	-0.690990
0.324896	0.020253	-0.690909
0.380922	-0.264123	-0.397766
0.392296	-0.532073	-0.329829
-0.777077	-0.376144	-0.150342
0.315338	0.139741	-0.717630
0.344437	-0.221066	-0.405784
0.363300	-0.443966	-0.375679
0.387471	-0.573115	-0.322787
0.320865	0.665898	-0.595848
0.303016	0.478217	-0.658499
0.303705	0.351895	-0.675311
0.285828	0.209835	-0.705169
0.280382	0.088885	-0.719537
0.359089	-0.529308	-0.382761
0.374596	-0.640054	-0.291890
0.316080	0.756330	-0.549710
0.273416	-0.026994	-0.679488
0.311610	-0.354593	-0.403424
0.321673	-0.481770	-0.417154
0.351652	-0.647791	-0.321411
0.260412	0.618831	-0.595430
0.257430	0.469022	-0.659607
0.245372	0.331239	-0.679438
0.233694	0.162617	-0.710138
0.239600	-0.007906	-0.699053
0.288471	-0.237582	-0.431733
0.276930	0.802489	-0.515468
0.224936	0.005830	-0.708606
0.272255	-0.350024	-0.423892
0.287937	-0.590802	-0.416268
0.877412	-0.520306	0.558764
0.215815	0.491092	-0.642136
0.204667	0.381772	-0.665969
0.193559	0.229075	-0.695249
0.190048	0.111849	-0.705953
0.258951	-0.394310	-0.443463
0.282642	-0.673794	-0.368994
0.221819	0.705308	-0.556825
0.212820	0.611782	-0.591492
0.213741	-0.269099	-0.452079
0.230955	-0.433375	-0.464001
0.164838	0.542419	-0.607574
0.167274	0.450030	-0.642529
0.154158	0.308821	-0.673009
0.145152	0.143460	-0.701815
0.240641	-0.659735	-0.398152
0.169819	0.641548	-0.570885
0.166104	-0.229827	-0.460747
0.194094	-0.391761	-0.474117
0.224263	-0.596542	-0.435684
0.103438	0.357361	-0.644663
0.102770	0.205246	-0.683510
0.099416	0.046318	-0.699826
-0.135030	-0.406933	-0.451296
0.201207	-0.623865	-0.429374
-0.103589	-0.537942	-0.415246
0.112468	0.533928	-0.596132
0.121686	-0.232732	-0.476370
0.153221	-0.469489	-0.483496
0.159411	-0.574475	-0.450684
0.050785	0.329109	-0.634069
0.049329	0.235826	-0.660545
0.043164	-0.009676	-0.674565
0.169097	-0.690721	-0.396746
0.050761	0.376249	-0.621939
-1.232109	0.077813	-0.473776
0.927794	-0.083721	-0.571444
0.928072	-0.085634	-0.543789
0.930680	0.145116	-0.508004
0.925852	0.353325	-0.468380
0.917405	0.594665	-0.434055
0.930482	-0.077876	-0.498855
0.930005	0.138722	-0.466638
0.923883	0.357289	-0.429767
0.923994	0.476403	-0.431349
0.915495	0.636550	-0.387681
0.929095	0.093897	-0.453004
0.920650	0.311558	-0.418386
0.924116	0.561549	-0.385740
0.931265	-0.127247	-0.447239
0.910903	0.101943	-0.425325
0.915886	0.360284	-0.399793
0.930511	-0.225569	-0.451516
0.889565	0.182697	-0.404985
0.877347	0.270285	-0.388100
0.886655	0.403476	-0.375079
0.879682	0.490592	-0.347277
0.918032	0.647220	-0.295718
0.925878	-0.130497	-0.397080
0.878326	0.005451	-0.410220
0.878070	0.142538	-0.405153
0.883185	0.525496	-0.329152
0.921443	-0.267241	-0.404292
0.861356	0.183716	-0.391527
0.922802	0.608049	-0.241005
0.931972	-0.269793	-0.358249
0.914648	-0.136439	-0.359927
0.847492	0.054150	-0.379694
0.846933	0.186974	-0.374852
0.841778	0.312362	-0.343374
0.847510	0.486925	-0.297953
0.919369	-0.174846	-0.315819
0.844634	0.179470	-0.334593
0.839588	0.397773	-0.293225
0.876341	0.529962	-0.248941
0.921169	0.645862	-0.189158
0.850216	-0.069658	-0.359041
0.847619	0.085386	-0.326813
0.843210	0.268117	-0.291036
0.844884	0.484543	-0.249841
0.915000	0.529485	-0.189844
0.924078	0.647059	-0.148315
0.920623	-0.188632	-0.275505
0.850524	0.096926	-0.283333
0.844473	0.314719	-0.244794
0.839003	0.445027	-0.247809
0.921680	0.653845	-0.102529
0.898634	0.778760	-0.121759
0.934259	-0.371649	-0.265116
0.854643	-0.126763	-0.308906
0.853386	0.047716	-0.278307
0.846854	0.265604	-0.244352
0.887681	0.474553	-0.147605
0.926087	0.565513	-0.097300
0.908891	0.815696	-0.072690
0.939024	-0.318303	-0.225637
0.926992	-0.200524	-0.230476
0.856960	-0.000308	-0.238429
0.853017	0.129689	-0.234930
0.846310	0.347420	-0.190543
0.910722	0.664025	-0.074924
0.912049	0.848987	-0.031625
0.421406	-0.702013	0.225577
0.938204	-0.365849	-0.219994
0.856482	-0.097441	-0.228765
0.855965	0.134878	-0.188276
0.848137	0.355373	-0.150261
0.912317	0.454330	-0.090075
0.910445	0.573187	-0.065920
0.918232	0.737919	-0.007963
0.914121	0.860406	0.003331
0.883193	0.952844	-0.007751
0.452621	-0.524591	0.319076
0.940776	-0.329850	-0.174131
0.859767	-0.046774	-0.188184
0.858284	0.174017	-0.143004
0.850071	0.307896	-0.146084
0.896122	0.555568	-0.053692
0.918855	0.824431	0.041892
0.887589	0.954552	0.045630
0.933995	-0.476105	-0.178119
0.942880	-0.231279	-0.125907
0.859178	-0.095847	-0.186783
0.859818	0.124269	-0.144086
0.852455	0.349540	-0.095156
0.912070	0.508178	-0.020292
0.911106	0.752696	0.035419
0.844620	1.045029	0.049652
0.936036	-0.462291	-0.138096
0.945852	-0.186990	-0.088260
0.862144	-0.013299	-0.140260
0.859094	0.221442	-0.097304
0.877108	0.402901	-0.045217
0.918205	0.820801	0.088050
0.896542	0.919824	0.099263
0.922251	-0.604910	-0.135992
0.942216	-0.373314	-0.088864
0.946943	-0.233807	-0.082075
0.864438	0.034773	-0.094173
0.861065	0.215748	-0.051692
0.917662	0.413900	0.035284
0.913036	0.827870	0.125357
0.844308	1.042363	0.091192
0.909275	-0.667314	-0.137834
0.938250	-0.428290	-0.087021
0.949749	-0.141028	-0.035827
0.866271	0.048149	-0.059930
0.864917	0.121646	-0.046552
0.892831	0.389433	0.045880
0.894033	0.743201	0.123484
0.865991	0.981440	0.131271
0.385867	-0.788785	0.131648
0.927467	-0.572909	-0.087612
0.946218	-0.329660	-0.037981
0.949903	-0.105378	0.007261
0.866409	0.137637	-0.005022
0.861512	0.265124	-0.002170
0.927594	0.513466	0.127642
0.908468	0.819113	0.164991
0.880027	0.916937	0.171875
0.440023	-0.598662	0.297368
0.932035	-0.520560	-0.043877
0.935819	-0.286472	-0.005780
0.872559	-0.004762	-0.005255
0.865340	0.214260	0.039573
0.890740	0.386534	0.087352
0.894712	0.727234	0.158454
0.845239	1.002879	0.185425
0.895349	-0.705099	-0.049185
0.937067	-0.470460	-0.003302
0.940812	-0.149112	0.052297
0.870426	0.119326	0.048128
0.862621	0.345570	0.085292
0.923983	0.522880	0.180794
0.914371	0.702815	0.218040
0.897612	0.796348	0.225445
0.867561	0.917709	0.213337
0.777151	1.152750	0.173958
0.931468	-0.523570	0.002598
0.909226	-0.252897	0.018305
0.950097	-0.099376	0.096445
0.875441	0.025059	0.044338
0.869165	0.367892	0.109591
0.918851	0.576321	0.221270
0.858407	0.930601	0.228997
0.789324	1.092834	0.229244
0.909072	-0.666985	0.002037
0.929114	-0.379073	0.040897
0.914992	-0.146228	0.088419
0.877618	0.031622	0.088508
0.866070	0.262296	0.126204
0.875888	0.396911	0.172477
0.913963	0.657915	0.264936
0.898995	0.757622	0.269011
0.864969	0.871659	0.250322
0.764240	1.146622	0.221122
0.941225	-0.421594	0.088346
0.875115	0.078340	0.130077
0.868575	0.209763	0.131138
0.884310	0.441060	0.221790
0.916124	0.607484	0.268261
0.789789	1.054977	0.265365
0.900758	-0.664372	0.046149
0.935997	-0.471392	0.087722
0.947954	-0.100690	0.176429
0.879039	0.025465	0.142979
0.861669	0.379020	0.188799
0.900063	0.522959	0.275105
0.906614	0.700246	0.320335
0.869035	0.788541	0.302108
0.774883	1.085675	0.266345
0.898859	-0.644916	0.075959
0.941702	-0.430988	0.138955
0.873493	0.123693	0.183007
0.861196	0.348963	0.223122
0.892185	0.561813	0.316025
0.793462	0.966239	0.313712
-0.807081	-0.630347	-0.558044
0.947326	-0.099794	0.227518
0.873014	0.145878	0.203515
0.866090	0.257375	0.221174
0.875691	0.525600	0.300164
0.883939	0.741849	0.362747
0.751572	1.066008	0.311487
0.933684	-0.475006	0.180430
0.878566	0.029631	0.227555
0.872131	0.135984	0.227931
0.860134	0.339696	0.268080
0.853522	0.516529	0.316073
0.904428	0.691221	0.396204
0.299274	-0.658348	0.429299
0.936766	-0.423865	0.220004
0.942494	-0.099070	0.280543
0.875482	0.080108	0.259707
0.869069	0.164791	0.274744
0.850100	0.434835	0.317706
0.911421	0.608556	0.395304
0.323468	-0.732642	0.359381
0.929643	-0.475220	0.224703
0.876408	0.027911	0.274135
0.860468	0.300680	0.314249
0.857499	0.551505	0.361946
0.907261	0.659683	0.442794
0.361393	-0.600633	0.404122
0.927768	-0.468341	0.260979
0.945351	-0.256132	0.291665
0.941854	-0.146767	0.322058
0.874560	0.036593	0.304125
0.869174	0.121764	0.314528
0.850771	0.392738	0.357737
0.914036	0.532499	0.451301
0.450064	-0.658227	0.222129
0.460674	-0.562961	0.277360
0.929954	-0.378125	0.313588
0.934531	-0.109875	0.345655
0.864868	0.164379	0.349590
0.844888	0.435278	0.392269
0.915240	0.530413	0.481274
0.904121	0.650013	0.490276
-0.199122	-0.806235	0.451431
0.922219	-0.472195	0.307984
0.937097	-0.189048	0.364389
0.875177	-0.023305	0.346601
0.868079	0.074745	0.360617
0.853458	0.302949	0.399551
0.915420	0.478959	0.486376
0.479182	-0.633194	-0.128278
0.907292	-0.565302	0.310406
0.927685	-0.326103	0.360617
0.931828	-0.116720	0.400535
0.859946	0.166449	0.402637
0.843911	0.398569	0.423681
0.906599	0.574143	0.532191
0.355475	-0.468926	0.445624
0.897780	-0.596621	0.314873
0.920952	-0.422161	0.361645
0.933269	-0.194236	0.401004
0.867917	-0.012007	0.394364
0.853062	0.223926	0.440124
0.917704	0.403255	0.527036
-0.302842	-0.835362	0.600890
0.491110	-0.652411	-0.056178
0.543694	-0.515323	0.044450
0.917924	-0.418870	0.401029
0.932826	-0.139904	0.448450
0.857856	0.125092	0.440848
0.919677	0.308523	0.531025
0.876114	0.578643	0.560471
0.500968	-0.646964	-0.005408
0.902848	-0.556983	0.400853
0.923836	-0.279722	0.447062
0.931489	-0.051925	0.500519
0.850468	0.213265	0.469370
0.919434	0.314361	0.568838
0.886753	0.489367	0.574632
0.453108	-0.729736	-0.052188
0.526005	-0.586100	0.045608
0.911364	-0.457981	0.439578
0.924262	-0.228288	0.486080
0.858064	0.043595	0.467733
0.922123	0.182217	0.547872
0.904117	0.409266	0.584807
0.486711	-0.692619	0.037591
0.897851	-0.554600	0.446389
0.917952	-0.320742	0.491241
0.924518	-0.089131	0.535392
0.923391	0.041549	0.546223
0.921405	0.138375	0.578257
0.908875	0.337992	0.599358
0.498903	-0.652949	0.087843
0.900194	-0.505259	0.495790
0.914521	-0.269758	0.530764
0.920854	-0.037646	0.572139
0.918111	0.184434	0.612569
0.485912	-0.685831	0.081263
0.883638	-0.580176	0.474282
0.911059	-0.320024	0.541168
0.917544	0.050532	0.617641
0.907027	0.245605	0.630500
0.470574	-0.709920	0.088725
0.902324	-0.272558	0.554122
0.912993	0.138609	0.652012
0.477371	-0.689121	0.114473
-0.852059	-0.641273	-0.729904
-0.841640	-0.577942	-0.547911
-0.770822	-0.557834	-0.332227
-0.783873	-0.563170	-0.372097
-0.736205	-0.591589	-0.328061
-0.889564	-0.263361	-0.232431
-0.817906	-0.256703	-0.156216
-1.021370	0.008894	-0.320407
-0.719387	-0.373207	-0.113789
-0.929543	-0.614057	-0.859247
-0.881008	-0.600463	-0.682481
-0.779060	-0.626043	-0.482082
-0.793777	-0.635187	-0.519540
-0.700823	-0.577986	-0.258103
-0.814232	-0.586286	-0.510982
-0.997191	0.024183	-0.290154
-0.902934	-0.588354	-0.677217
-0.762337	-0.331692	-0.113720
-0.732415	-0.400043	-0.139960
